# Database name for string
db <- "LA"

# Bounding Box for Los Angeles
bbox <- c(-118.723549, 33.694679, -117.929466, 34.33926)

# UTM zone
utm_zone <- 11

epsg <- 2770

# Time zone
tz <- "America/Los_Angeles"